# unix_time, cycles_done, cur_path, paths_total, pending_total, pending_favs, map_size, unique_crashes, unique_hangs, max_depth, execs_per_sec
1557815801, 0, 0, 173, 173, 76, 71.02%, 0, 0, 1, 0.26
1557815807, 0, 2, 173, 173, 76, 71.02%, 0, 0, 1, 0.97
1557815817, 0, 2, 174, 174, 76, 71.02%, 0, 0, 2, 8.57
1557815822, 0, 2, 178, 178, 76, 71.07%, 0, 0, 2, 8.59
1557815828, 0, 2, 183, 183, 76, 71.07%, 0, 0, 2, 8.61
1557815833, 0, 2, 187, 187, 76, 71.07%, 0, 0, 2, 8.61
1557815838, 0, 2, 189, 189, 76, 71.07%, 0, 0, 2, 8.60
1557815843, 0, 2, 193, 193, 76, 71.07%, 0, 0, 2, 8.61
1557815848, 0, 2, 195, 195, 76, 71.07%, 0, 0, 2, 8.61
1557815854, 0, 2, 196, 196, 76, 71.09%, 0, 0, 2, 0.98
1557815870, 0, 2, 198, 198, 76, 71.09%, 0, 0, 2, 8.61
1557815875, 0, 2, 202, 202, 76, 71.10%, 0, 0, 2, 8.61
1557815880, 0, 2, 204, 204, 76, 71.10%, 0, 0, 2, 1.00
1557815891, 0, 2, 208, 208, 76, 71.10%, 0, 0, 2, 8.63
1557815897, 0, 2, 211, 211, 76, 71.11%, 0, 0, 2, 0.56
1557815913, 0, 2, 212, 212, 76, 71.11%, 0, 0, 2, 8.65
1557815918, 0, 2, 213, 213, 76, 71.11%, 0, 0, 2, 0.55
1557815935, 0, 2, 215, 215, 76, 71.11%, 0, 0, 2, 0.56
1557815951, 0, 2, 217, 217, 76, 71.11%, 0, 0, 2, 8.62
1557815961, 0, 2, 220, 220, 76, 71.11%, 0, 0, 2, 8.63
1557815967, 0, 2, 222, 222, 76, 71.11%, 0, 0, 2, 8.61
1557815972, 0, 2, 223, 223, 76, 71.11%, 0, 0, 2, 1.00
1557815983, 0, 2, 225, 225, 76, 71.11%, 0, 0, 2, 8.59
1557815989, 0, 2, 226, 226, 76, 71.11%, 0, 0, 2, 1.00
1557815994, 0, 2, 227, 227, 76, 71.11%, 0, 0, 2, 8.64
1557816000, 0, 2, 228, 228, 76, 71.11%, 0, 0, 2, 1.00
1557816010, 0, 2, 229, 229, 76, 71.11%, 0, 0, 2, 8.62
1557816015, 0, 2, 230, 230, 76, 71.11%, 0, 0, 2, 8.60
1557816021, 0, 2, 231, 231, 76, 71.11%, 0, 0, 2, 1.00
1557816032, 0, 2, 233, 233, 76, 71.11%, 0, 0, 2, 0.53
1557816066, 0, 2, 234, 234, 76, 71.11%, 0, 0, 2, 8.63
1557816072, 0, 2, 236, 236, 76, 71.12%, 0, 0, 2, 1.00
1557816082, 0, 2, 237, 237, 76, 71.12%, 0, 0, 2, 8.61
1557816087, 0, 2, 238, 238, 76, 71.12%, 0, 0, 2, 8.63
1557816099, 0, 2, 239, 239, 76, 71.12%, 0, 0, 2, 0.56
1557816120, 0, 2, 240, 240, 76, 71.12%, 0, 0, 2, 8.62
1557816126, 0, 2, 242, 242, 76, 71.12%, 0, 0, 2, 0.56
1557816131, 0, 2, 243, 243, 76, 71.12%, 0, 0, 2, 8.63
1557816136, 0, 2, 244, 244, 76, 71.12%, 0, 0, 2, 8.63
1557816141, 0, 2, 248, 248, 76, 71.12%, 0, 0, 2, 8.60
1557816147, 0, 2, 252, 252, 76, 71.12%, 0, 0, 2, 8.62
1557816152, 0, 2, 255, 255, 76, 71.12%, 0, 0, 2, 8.62
1557816157, 0, 2, 259, 259, 76, 71.13%, 0, 0, 2, 8.61
1557816162, 0, 2, 262, 262, 76, 71.13%, 0, 0, 2, 8.61
1557816167, 0, 2, 266, 266, 76, 71.13%, 0, 0, 2, 8.61
1557816172, 0, 2, 270, 270, 76, 71.13%, 0, 0, 2, 8.59
1557816177, 0, 2, 274, 274, 76, 71.13%, 0, 0, 2, 8.61
1557816182, 0, 2, 276, 276, 76, 71.13%, 0, 0, 2, 8.62
1557816187, 0, 2, 277, 277, 76, 71.13%, 0, 0, 2, 8.63
1557816193, 0, 2, 281, 281, 76, 71.15%, 0, 0, 2, 8.62
1557816198, 0, 2, 283, 283, 76, 71.15%, 0, 0, 2, 8.62
1557816203, 0, 2, 286, 286, 76, 71.15%, 0, 0, 2, 8.62
1557816208, 0, 2, 288, 288, 76, 71.15%, 0, 0, 2, 8.62
1557816213, 0, 2, 291, 291, 76, 71.15%, 0, 0, 2, 8.63
1557816218, 0, 2, 293, 293, 76, 71.15%, 0, 0, 2, 8.63
1557816223, 0, 2, 296, 296, 76, 71.15%, 0, 0, 2, 8.62
1557816228, 0, 2, 297, 297, 76, 71.15%, 0, 0, 2, 8.63
1557816233, 0, 2, 301, 301, 76, 71.15%, 0, 0, 2, 8.63
1557816238, 0, 2, 303, 303, 76, 71.15%, 0, 0, 2, 8.63
1557816244, 0, 2, 306, 306, 76, 71.15%, 0, 0, 2, 8.62
1557816249, 0, 2, 308, 308, 76, 71.15%, 0, 0, 2, 8.62
1557816254, 0, 2, 310, 310, 76, 71.15%, 0, 0, 2, 8.61
1557816259, 0, 2, 312, 312, 76, 71.15%, 0, 0, 2, 8.61
1557816264, 0, 2, 315, 315, 76, 71.15%, 0, 0, 2, 8.62
1557816269, 0, 2, 316, 316, 76, 71.15%, 0, 0, 2, 1.02
1557816285, 0, 2, 317, 317, 76, 71.15%, 0, 0, 2, 8.62
1557816290, 0, 2, 318, 318, 76, 71.15%, 0, 0, 2, 8.63
1557816295, 0, 2, 321, 321, 76, 71.15%, 0, 0, 2, 8.62
1557816300, 0, 2, 323, 323, 76, 71.15%, 0, 0, 2, 8.62
1557816305, 0, 2, 325, 325, 76, 71.15%, 0, 0, 2, 8.62
1557816310, 0, 2, 327, 327, 76, 71.15%, 0, 0, 2, 8.62
1557816319, 0, 2, 328, 328, 76, 71.15%, 0, 0, 2, 0.28
1557816324, 0, 2, 329, 329, 76, 71.15%, 0, 0, 2, 8.62
1557816329, 0, 2, 330, 330, 76, 71.15%, 0, 0, 2, 8.62
1557816334, 0, 2, 332, 332, 76, 71.15%, 0, 0, 2, 8.62
1557816341, 0, 2, 333, 333, 76, 71.15%, 0, 0, 2, 0.53
1557816354, 0, 2, 334, 334, 76, 71.15%, 0, 0, 2, 0.28
1557816386, 0, 2, 335, 335, 76, 71.15%, 0, 0, 2, 8.64
1557816391, 0, 2, 336, 336, 76, 71.15%, 0, 0, 2, 8.62
1557816402, 0, 2, 339, 339, 76, 71.15%, 0, 0, 2, 8.62
1557816407, 0, 2, 340, 340, 76, 71.15%, 0, 0, 2, 8.61
1557816412, 0, 2, 341, 341, 76, 71.15%, 0, 0, 2, 8.61
1557816417, 0, 2, 343, 343, 76, 71.15%, 0, 0, 2, 8.62
1557816422, 0, 2, 344, 344, 76, 71.15%, 0, 0, 2, 8.62
1557816427, 0, 2, 345, 345, 76, 71.15%, 0, 0, 2, 8.58
1557816432, 0, 2, 347, 347, 76, 71.16%, 0, 0, 2, 8.61
1557816437, 0, 2, 348, 348, 76, 71.16%, 0, 0, 2, 8.62
1557816442, 0, 2, 350, 350, 76, 71.16%, 0, 0, 2, 8.59
1557816453, 0, 2, 351, 351, 76, 71.16%, 0, 0, 2, 8.62
1557816463, 0, 2, 353, 353, 76, 71.16%, 0, 0, 2, 8.61
1557816473, 0, 2, 354, 354, 76, 71.16%, 0, 0, 2, 8.63
1557816478, 0, 2, 356, 356, 76, 71.16%, 0, 0, 2, 8.61
1557816483, 0, 2, 360, 360, 76, 71.16%, 0, 0, 2, 8.61
1557816488, 0, 2, 362, 362, 76, 71.16%, 0, 0, 2, 8.62
1557816494, 0, 2, 364, 364, 76, 71.16%, 0, 0, 2, 8.59
1557816499, 0, 2, 365, 365, 76, 71.16%, 0, 0, 2, 8.62
1557816504, 0, 2, 367, 367, 76, 71.16%, 0, 0, 2, 8.62
1557816509, 0, 2, 369, 369, 76, 71.16%, 0, 0, 2, 8.62
1557816514, 0, 2, 370, 370, 76, 71.16%, 1, 0, 2, 8.63
1557816519, 0, 2, 373, 373, 76, 71.16%, 1, 0, 2, 8.63
1557816529, 0, 2, 374, 374, 76, 71.16%, 1, 0, 2, 8.63
1557816539, 0, 2, 375, 375, 76, 71.16%, 1, 0, 2, 8.63
1557816552, 0, 2, 376, 376, 76, 71.16%, 1, 0, 2, 0.27
1557816557, 0, 2, 377, 377, 76, 71.16%, 1, 0, 2, 8.62
1557816563, 0, 2, 378, 378, 76, 71.16%, 1, 0, 2, 8.62
1557816568, 0, 2, 379, 379, 76, 71.16%, 1, 0, 2, 8.62
1557816573, 0, 2, 381, 381, 76, 71.16%, 1, 0, 2, 8.63
1557816578, 0, 2, 382, 382, 76, 71.16%, 1, 0, 2, 8.62
1557816583, 0, 2, 385, 385, 76, 71.16%, 1, 0, 2, 8.62
1557816588, 0, 2, 388, 388, 76, 71.16%, 1, 0, 2, 8.63
1557816593, 0, 2, 389, 389, 76, 71.16%, 1, 0, 2, 8.63
1557816615, 0, 2, 390, 390, 76, 71.16%, 1, 0, 2, 8.62
1557816626, 0, 2, 391, 391, 76, 71.16%, 1, 0, 2, 8.62
1557816631, 0, 2, 392, 392, 76, 71.16%, 1, 0, 2, 8.62
1557816641, 0, 2, 394, 394, 76, 71.16%, 1, 0, 2, 8.61
1557816651, 0, 2, 396, 396, 76, 71.16%, 1, 0, 2, 8.58
1557816662, 0, 2, 398, 398, 76, 71.16%, 1, 0, 2, 8.62
1557816672, 0, 2, 401, 401, 76, 71.16%, 1, 0, 2, 8.59
1557816677, 0, 2, 402, 402, 76, 71.16%, 1, 0, 2, 8.62
1557816687, 0, 2, 403, 403, 76, 71.16%, 1, 0, 2, 8.63
1557816692, 0, 2, 404, 404, 76, 71.16%, 1, 0, 2, 8.64
1557816697, 0, 2, 405, 405, 76, 71.16%, 1, 0, 2, 8.64
1557816702, 0, 2, 406, 406, 76, 71.16%, 1, 0, 2, 8.61
1557816708, 0, 2, 407, 407, 76, 71.16%, 1, 0, 2, 8.61
1557816728, 0, 2, 408, 408, 76, 71.16%, 1, 0, 2, 8.62
1557816738, 0, 2, 410, 410, 76, 71.16%, 1, 0, 2, 8.63
1557816749, 0, 4, 410, 409, 95, 71.16%, 1, 0, 2, 0.18
1557816779, 0, 4, 414, 413, 95, 71.16%, 1, 0, 2, 8.60
1557816795, 0, 4, 415, 414, 95, 71.16%, 1, 0, 2, 8.62
1557816800, 0, 4, 416, 415, 95, 71.16%, 1, 0, 2, 8.63
1557816807, 0, 4, 417, 416, 95, 71.16%, 1, 0, 2, 0.28
1557816813, 0, 4, 418, 417, 95, 71.17%, 1, 0, 2, 0.88
1557816841, 0, 4, 419, 418, 95, 71.17%, 1, 0, 2, 8.62
1557816847, 0, 4, 420, 419, 95, 71.17%, 1, 0, 2, 1.00
1557816877, 0, 4, 421, 420, 95, 71.17%, 1, 0, 2, 8.64
1557816892, 0, 4, 422, 421, 95, 71.17%, 1, 0, 2, 8.63
1557816898, 0, 4, 423, 422, 95, 71.17%, 1, 0, 2, 8.63
1557816903, 0, 4, 424, 423, 95, 71.17%, 1, 0, 2, 8.63
1557816908, 0, 4, 426, 425, 95, 71.17%, 1, 0, 2, 8.62
1557816918, 0, 4, 427, 426, 95, 71.17%, 1, 0, 2, 8.64
1557816923, 0, 4, 429, 428, 95, 71.17%, 1, 0, 2, 8.61
1557816929, 0, 4, 430, 429, 95, 71.18%, 1, 0, 2, 1.00
1557816939, 0, 4, 432, 431, 95, 71.18%, 1, 0, 2, 8.63
1557816944, 0, 4, 434, 433, 95, 71.18%, 1, 0, 2, 8.64
1557816949, 0, 4, 435, 434, 95, 71.18%, 1, 0, 2, 1.00
1557816954, 0, 4, 436, 435, 95, 71.18%, 1, 0, 2, 8.64
1557816959, 0, 4, 437, 436, 95, 71.18%, 1, 0, 2, 8.62
1557816965, 0, 4, 438, 437, 95, 71.19%, 1, 0, 2, 8.62
1557816975, 0, 4, 439, 438, 95, 71.19%, 1, 0, 2, 8.62
1557816990, 0, 4, 441, 440, 95, 71.19%, 1, 0, 2, 8.62
1557816995, 0, 4, 443, 442, 95, 71.19%, 1, 0, 2, 8.64
1557817000, 0, 4, 445, 444, 95, 71.19%, 1, 0, 2, 8.64
1557817005, 0, 4, 447, 446, 95, 71.19%, 1, 0, 2, 8.64
1557817010, 0, 4, 448, 447, 95, 71.19%, 1, 0, 2, 8.65
1557817015, 0, 4, 450, 449, 95, 71.19%, 1, 0, 2, 8.64
1557817021, 0, 4, 451, 450, 95, 71.19%, 1, 0, 2, 8.64
1557817031, 0, 4, 453, 452, 95, 71.19%, 1, 0, 2, 8.64
1557817036, 0, 4, 454, 453, 95, 71.19%, 1, 0, 2, 8.64
1557817066, 0, 4, 455, 454, 95, 71.19%, 1, 0, 2, 8.63
1557817072, 0, 4, 458, 457, 95, 71.19%, 1, 0, 2, 8.63
1557817077, 0, 4, 460, 459, 95, 71.19%, 1, 0, 2, 8.63
1557817082, 0, 4, 462, 461, 95, 71.19%, 1, 0, 2, 8.63
1557817087, 0, 4, 464, 463, 95, 71.19%, 1, 0, 2, 8.61
1557817092, 0, 4, 466, 465, 95, 71.19%, 1, 0, 2, 8.62
1557817102, 0, 4, 467, 466, 95, 71.19%, 1, 0, 2, 8.62
1557817107, 0, 4, 469, 468, 95, 71.19%, 1, 0, 2, 8.63
1557817112, 0, 4, 471, 470, 95, 71.19%, 1, 0, 2, 8.63
1557817117, 0, 4, 472, 471, 95, 71.19%, 1, 0, 2, 8.62
1557817123, 0, 4, 473, 472, 95, 71.19%, 1, 0, 2, 8.62
1557817128, 0, 4, 474, 473, 95, 71.19%, 1, 0, 2, 8.62
1557817133, 0, 4, 477, 476, 95, 71.19%, 1, 0, 2, 8.61
1557817143, 0, 4, 479, 478, 95, 71.19%, 1, 0, 2, 8.61
1557817148, 0, 4, 480, 479, 95, 71.19%, 1, 0, 2, 8.62
1557817172, 0, 4, 481, 480, 95, 71.19%, 1, 0, 2, 0.53
1557817177, 0, 4, 484, 483, 95, 71.19%, 1, 0, 2, 8.62
1557817182, 0, 4, 485, 484, 95, 71.19%, 1, 0, 2, 8.60
1557817207, 0, 4, 486, 485, 95, 71.19%, 1, 0, 2, 8.61
1557817215, 0, 5, 486, 484, 104, 71.19%, 1, 0, 2, 0.25
1557817244, 0, 5, 487, 485, 104, 71.19%, 1, 0, 2, 8.62
1557817249, 0, 5, 488, 486, 104, 71.20%, 1, 0, 2, 8.62
1557817259, 0, 5, 489, 487, 104, 71.20%, 1, 0, 2, 8.62
1557817264, 0, 5, 490, 488, 104, 71.20%, 1, 0, 2, 8.62
1557817269, 0, 5, 492, 490, 104, 71.20%, 1, 0, 2, 8.64
1557817274, 0, 5, 493, 491, 104, 71.20%, 1, 0, 2, 8.65
1557817279, 0, 5, 494, 492, 104, 71.20%, 1, 0, 2, 8.64
1557817289, 0, 5, 495, 493, 104, 71.20%, 1, 0, 2, 8.64
1557817300, 0, 5, 496, 494, 104, 71.20%, 1, 0, 2, 8.64
1557817305, 0, 5, 497, 495, 104, 71.20%, 1, 0, 2, 8.64
1557817310, 0, 5, 498, 496, 104, 71.20%, 1, 0, 2, 8.64
1557817315, 0, 5, 499, 497, 104, 71.20%, 1, 0, 2, 8.64
1557817320, 0, 5, 500, 498, 104, 71.20%, 1, 0, 2, 8.64
1557817340, 0, 5, 501, 499, 104, 71.20%, 1, 0, 2, 8.64
1557817351, 0, 6, 501, 498, 104, 71.20%, 1, 0, 2, 0.54
1557817364, 0, 6, 502, 499, 104, 71.21%, 1, 0, 2, 0.51
1557817403, 0, 6, 505, 502, 104, 71.21%, 1, 0, 2, 8.57
1557817408, 0, 6, 506, 503, 104, 71.21%, 1, 0, 2, 8.63
1557817413, 0, 6, 507, 504, 104, 71.21%, 1, 0, 2, 8.64
1557817418, 0, 6, 508, 505, 104, 71.21%, 1, 0, 2, 8.65
1557817426, 0, 6, 509, 506, 104, 71.21%, 1, 0, 2, 0.28
1557817431, 0, 6, 510, 507, 104, 71.21%, 1, 0, 2, 8.65
1557817441, 0, 6, 512, 509, 104, 71.21%, 1, 0, 2, 8.64
1557817451, 0, 6, 514, 511, 104, 71.21%, 1, 0, 2, 8.64
1557817467, 0, 6, 515, 512, 104, 71.21%, 1, 0, 2, 8.65
1557817477, 0, 6, 516, 513, 104, 71.21%, 1, 0, 2, 8.65
1557817482, 0, 6, 517, 514, 104, 71.21%, 1, 0, 2, 8.65
1557817492, 0, 6, 518, 515, 104, 71.21%, 1, 0, 2, 8.64
1557817497, 0, 10, 518, 514, 105, 71.21%, 1, 0, 2, 8.29
1557817673, 0, 10, 521, 517, 105, 71.21%, 1, 0, 2, 8.61
1557817678, 0, 10, 523, 519, 105, 71.22%, 1, 0, 2, 6.45
1557817684, 0, 10, 525, 521, 105, 71.22%, 1, 0, 2, 6.88
1557817695, 0, 10, 527, 523, 105, 71.22%, 1, 0, 2, 0.54
1557817717, 0, 10, 528, 524, 105, 71.22%, 1, 0, 2, 8.63
1557817727, 0, 10, 529, 525, 105, 71.22%, 1, 0, 2, 8.62
1557817742, 0, 10, 530, 526, 105, 71.22%, 1, 0, 2, 8.61
1557817747, 0, 10, 531, 527, 105, 71.22%, 1, 0, 2, 8.58
1557817763, 0, 10, 532, 528, 105, 71.22%, 1, 0, 2, 8.61
1557817778, 0, 10, 533, 529, 105, 71.22%, 1, 0, 2, 8.62
1557817783, 0, 10, 534, 530, 105, 71.22%, 1, 0, 2, 0.54
1557817799, 0, 10, 535, 531, 105, 71.22%, 1, 0, 2, 8.63
1557817804, 0, 10, 537, 533, 105, 71.22%, 1, 0, 2, 8.60
1557817810, 0, 10, 538, 534, 105, 71.22%, 1, 0, 2, 8.61
1557817815, 0, 10, 539, 535, 105, 71.22%, 1, 0, 2, 8.62
1557817820, 0, 10, 541, 537, 105, 71.22%, 1, 0, 2, 8.61
1557817825, 0, 10, 542, 538, 105, 71.22%, 1, 0, 2, 8.62
1557817830, 0, 10, 543, 539, 105, 71.22%, 1, 0, 2, 8.62
1557817835, 0, 10, 544, 540, 105, 71.22%, 1, 0, 2, 8.62
1557817840, 0, 10, 545, 541, 105, 71.22%, 1, 0, 2, 8.62
1557817845, 0, 10, 546, 542, 105, 71.22%, 1, 0, 2, 8.63
1557817861, 0, 10, 549, 545, 105, 71.22%, 1, 0, 2, 7.68
1557817886, 0, 12, 549, 544, 108, 71.22%, 1, 0, 2, 8.34
1557817952, 0, 12, 550, 545, 108, 71.22%, 1, 0, 2, 8.64
1557817963, 0, 12, 553, 548, 108, 71.23%, 1, 0, 2, 8.62
1557817973, 0, 12, 554, 549, 108, 71.23%, 1, 0, 2, 8.64
1557817978, 0, 12, 555, 550, 108, 71.23%, 1, 0, 2, 8.63
1557817988, 0, 12, 556, 551, 108, 71.23%, 1, 0, 2, 8.63
1557817998, 0, 12, 557, 552, 108, 71.23%, 1, 0, 2, 8.63
1557818003, 0, 12, 558, 553, 108, 71.23%, 1, 0, 2, 8.63
1557818014, 0, 12, 559, 554, 108, 71.23%, 1, 0, 2, 8.64
1557818024, 0, 12, 560, 555, 108, 71.23%, 1, 0, 2, 8.63
1557818029, 0, 12, 561, 556, 108, 71.23%, 1, 0, 2, 8.63
1557818044, 0, 12, 562, 557, 108, 71.23%, 1, 0, 2, 8.62
1557818049, 0, 12, 563, 558, 108, 71.23%, 1, 0, 2, 8.62
1557818054, 0, 12, 564, 559, 108, 71.23%, 1, 0, 2, 8.62
1557818065, 0, 15, 564, 558, 109, 71.23%, 1, 0, 2, 8.62
1557818096, 0, 15, 565, 559, 109, 71.23%, 1, 0, 2, 0.53
1557818118, 0, 15, 566, 560, 109, 71.23%, 1, 0, 2, 8.63
1557818123, 0, 15, 567, 561, 109, 71.23%, 1, 0, 2, 1.00
1557818134, 0, 15, 568, 562, 109, 71.23%, 1, 0, 2, 8.66
1557818159, 0, 15, 569, 563, 109, 71.23%, 1, 0, 2, 8.63
1557818181, 0, 15, 570, 564, 109, 71.23%, 1, 0, 2, 0.52
1557818223, 0, 15, 571, 565, 109, 71.23%, 1, 0, 2, 8.62
1557818232, 0, 15, 572, 566, 109, 71.23%, 1, 0, 2, 0.23
1557818270, 0, 15, 573, 567, 109, 71.23%, 1, 0, 2, 1.00
1557818292, 0, 15, 574, 568, 109, 71.23%, 1, 0, 2, 1.00
1557818302, 0, 15, 575, 569, 109, 71.23%, 1, 0, 2, 1.00
1557818308, 0, 15, 576, 570, 109, 71.23%, 1, 0, 2, 1.00
1557818350, 0, 19, 576, 569, 110, 71.23%, 1, 0, 2, 0.95
1557818387, 0, 19, 579, 572, 110, 71.23%, 1, 0, 2, 8.63
1557818403, 0, 19, 580, 573, 110, 71.23%, 1, 0, 2, 8.62
1557818418, 0, 19, 581, 574, 110, 71.23%, 1, 0, 2, 8.63
1557818428, 0, 19, 584, 577, 110, 71.23%, 1, 0, 2, 8.63
1557818433, 0, 19, 587, 580, 110, 71.23%, 1, 0, 2, 8.63
1557818438, 0, 19, 590, 583, 110, 71.23%, 1, 0, 2, 8.63
1557818443, 0, 19, 593, 586, 110, 71.23%, 1, 0, 2, 8.62
1557818449, 0, 19, 596, 589, 110, 71.23%, 1, 0, 2, 8.62
1557818459, 0, 19, 597, 590, 110, 71.24%, 1, 0, 2, 8.63
1557818464, 0, 19, 598, 591, 110, 71.24%, 1, 0, 2, 8.63
1557818469, 0, 19, 600, 593, 110, 71.24%, 1, 0, 2, 8.63
1557818474, 0, 19, 602, 595, 110, 71.24%, 1, 0, 2, 8.62
1557818479, 0, 19, 603, 596, 110, 71.24%, 1, 0, 2, 8.63
1557818484, 0, 19, 605, 598, 110, 71.24%, 1, 0, 2, 8.64
1557818489, 0, 19, 606, 599, 110, 71.24%, 1, 0, 2, 8.64
1557818494, 0, 19, 609, 602, 110, 71.24%, 1, 0, 2, 8.64
1557818505, 0, 19, 610, 603, 110, 71.24%, 1, 0, 2, 8.64
1557818515, 0, 20, 610, 602, 111, 71.24%, 1, 0, 2, 1.00
1557818536, 0, 20, 611, 603, 111, 71.24%, 1, 0, 2, 0.28
1557818541, 0, 20, 611, 603, 111, 71.24%, 2, 0, 2, 8.64
1557818551, 0, 20, 612, 604, 111, 71.24%, 2, 0, 2, 8.64
1557818567, 0, 22, 612, 603, 110, 71.24%, 2, 0, 2, 0.56
1557818578, 0, 22, 613, 604, 110, 71.24%, 2, 0, 2, 8.57
1557818619, 0, 30, 613, 603, 109, 71.24%, 2, 0, 2, 8.17
1557818697, 0, 30, 615, 605, 109, 71.24%, 2, 0, 2, 8.65
1557818704, 0, 30, 616, 606, 109, 71.24%, 2, 0, 2, 0.46
1557818729, 0, 30, 617, 607, 109, 71.25%, 2, 0, 2, 0.46
1557818747, 0, 30, 618, 608, 109, 71.25%, 2, 0, 2, 8.62
1557818754, 0, 30, 619, 609, 109, 71.25%, 2, 0, 2, 0.85
1557818788, 0, 30, 620, 610, 109, 71.25%, 2, 0, 2, 8.64
1557818793, 0, 30, 622, 612, 109, 71.25%, 2, 0, 2, 8.20
1557818814, 0, 30, 623, 613, 109, 71.25%, 2, 0, 2, 1.05
1557818856, 0, 30, 624, 614, 109, 71.25%, 2, 0, 2, 0.85
1557818876, 0, 30, 625, 615, 109, 71.25%, 2, 0, 2, 0.45
1557818901, 0, 30, 626, 616, 109, 71.25%, 2, 0, 2, 0.38
1557818947, 0, 30, 627, 617, 109, 71.25%, 2, 0, 2, 1.00
1557818961, 0, 30, 628, 618, 109, 71.25%, 2, 0, 2, 0.20
1557818967, 0, 30, 629, 619, 109, 71.25%, 2, 0, 2, 1.02
1557818991, 0, 30, 630, 620, 109, 71.25%, 2, 0, 2, 0.46
1557819015, 0, 30, 631, 621, 109, 71.25%, 2, 0, 2, 1.00
1557819040, 0, 30, 632, 622, 109, 71.25%, 2, 0, 2, 1.00
1557819052, 0, 30, 633, 623, 109, 71.25%, 2, 0, 2, 0.56
1557819068, 0, 30, 634, 624, 109, 71.25%, 2, 0, 2, 8.64
1557819083, 0, 30, 635, 625, 109, 71.25%, 2, 0, 2, 8.63
1557819088, 0, 30, 636, 626, 109, 71.25%, 2, 0, 2, 8.64
1557819094, 0, 30, 637, 627, 109, 71.25%, 2, 0, 2, 8.64
1557819099, 0, 30, 638, 628, 109, 71.25%, 2, 0, 2, 8.62
1557819124, 0, 30, 640, 630, 109, 71.25%, 2, 0, 2, 8.61
1557819129, 0, 30, 641, 631, 109, 71.25%, 2, 0, 2, 8.63
1557819134, 0, 30, 642, 632, 109, 71.25%, 2, 0, 2, 8.62
1557819155, 0, 30, 643, 633, 109, 71.26%, 2, 0, 2, 8.62
1557819180, 0, 30, 645, 635, 109, 71.26%, 2, 0, 2, 8.62
1557819185, 0, 30, 646, 636, 109, 71.26%, 2, 0, 2, 8.59
1557819191, 0, 30, 647, 637, 109, 71.26%, 2, 0, 2, 8.61
1557819196, 0, 30, 648, 638, 109, 71.26%, 2, 0, 2, 8.59
1557819211, 0, 30, 649, 639, 109, 71.26%, 2, 0, 2, 8.62
1557819216, 0, 30, 650, 640, 109, 71.26%, 2, 0, 2, 8.63
1557819221, 0, 30, 651, 641, 109, 71.26%, 2, 0, 2, 8.63
1557819237, 0, 30, 652, 642, 109, 71.26%, 2, 0, 2, 8.62
1557819264, 0, 33, 652, 641, 113, 71.26%, 2, 0, 2, 0.27
1557819516, 0, 33, 653, 642, 113, 71.26%, 2, 0, 2, 8.63
1557819545, 0, 38, 653, 641, 113, 71.26%, 2, 0, 2, 0.39
1557819591, 0, 38, 654, 642, 113, 71.26%, 2, 0, 2, 8.61
1557819604, 0, 38, 655, 643, 113, 71.26%, 2, 0, 2, 0.53
1557819620, 0, 38, 656, 644, 113, 71.26%, 2, 0, 2, 1.00
1557819630, 0, 38, 657, 645, 113, 71.26%, 2, 0, 2, 8.62
1557819640, 0, 38, 659, 647, 113, 71.26%, 2, 0, 2, 8.63
1557819651, 0, 39, 659, 646, 113, 71.26%, 2, 0, 2, 1.05
1557819656, 0, 39, 662, 649, 113, 71.26%, 2, 0, 2, 8.64
1557819667, 0, 39, 663, 650, 113, 71.26%, 2, 0, 2, 1.00
1557819689, 0, 39, 664, 651, 113, 71.26%, 2, 0, 2, 8.64
1557819716, 0, 39, 665, 652, 113, 71.26%, 2, 0, 2, 1.00
1557819756, 0, 39, 666, 653, 113, 71.26%, 2, 0, 2, 0.53
1557819773, 0, 39, 667, 654, 113, 71.26%, 2, 0, 2, 8.15
1557819797, 0, 39, 668, 655, 113, 71.26%, 2, 0, 2, 1.00
1557819828, 0, 39, 669, 656, 113, 71.26%, 2, 0, 2, 8.63
1557819859, 0, 43, 669, 655, 114, 71.26%, 2, 0, 2, 8.65
1557819923, 0, 43, 670, 656, 114, 71.26%, 2, 0, 2, 8.62
1557819934, 0, 43, 672, 658, 114, 71.26%, 2, 0, 2, 8.63
1557819939, 0, 43, 675, 661, 114, 71.26%, 2, 0, 2, 8.64
1557819944, 0, 43, 676, 662, 114, 71.26%, 2, 0, 2, 8.63
1557819949, 0, 43, 677, 663, 114, 71.26%, 2, 0, 2, 8.63
1557819959, 0, 43, 678, 664, 114, 71.26%, 2, 0, 2, 8.64
1557819985, 0, 43, 679, 665, 114, 71.26%, 2, 0, 2, 8.63
1557820010, 0, 43, 680, 666, 114, 71.26%, 2, 0, 2, 8.63
1557820022, 0, 49, 680, 665, 113, 71.26%, 2, 0, 2, 0.51
1557820104, 0, 49, 681, 666, 113, 71.26%, 2, 0, 2, 0.53
1557820146, 0, 49, 682, 667, 113, 71.26%, 2, 0, 2, 8.63
1557820159, 0, 50, 682, 666, 112, 71.26%, 2, 0, 2, 0.96
1557820773, 0, 50, 683, 667, 112, 71.26%, 2, 0, 2, 0.27
1557820817, 0, 50, 684, 668, 112, 71.26%, 2, 0, 2, 8.65
1557820830, 0, 50, 685, 669, 112, 71.26%, 2, 0, 2, 0.53
1557820865, 0, 50, 686, 670, 112, 71.26%, 2, 0, 2, 0.45
1557820886, 0, 50, 687, 671, 112, 71.26%, 2, 0, 2, 8.65
1557820891, 0, 50, 688, 672, 112, 71.26%, 2, 0, 2, 8.64
1557820896, 0, 50, 689, 673, 112, 71.26%, 2, 0, 2, 8.63
1557820901, 0, 50, 690, 674, 112, 71.26%, 2, 0, 2, 8.64
1557820911, 0, 50, 691, 675, 112, 71.26%, 2, 0, 2, 8.64
1557820916, 0, 50, 692, 676, 112, 71.26%, 2, 0, 2, 8.64
1557820921, 0, 50, 693, 677, 112, 71.26%, 2, 0, 2, 8.63
1557820959, 0, 50, 694, 678, 112, 71.26%, 2, 0, 2, 0.28
1557820996, 0, 50, 695, 679, 112, 71.26%, 2, 0, 2, 0.27
1557821036, 0, 50, 696, 680, 112, 71.26%, 2, 0, 2, 1.29
1557821060, 0, 50, 698, 682, 112, 71.27%, 2, 0, 2, 1.00
1557821104, 0, 50, 699, 683, 112, 71.27%, 2, 0, 2, 1.00
1557821122, 0, 50, 700, 684, 112, 71.27%, 2, 0, 2, 0.28
1557821158, 0, 50, 701, 685, 112, 71.27%, 2, 0, 2, 0.29
1557821196, 0, 50, 702, 686, 112, 71.27%, 2, 0, 2, 1.02
1557821226, 0, 50, 703, 687, 112, 71.27%, 2, 0, 2, 0.28
1557821281, 0, 52, 703, 686, 114, 71.27%, 2, 0, 2, 0.26
1557821507, 0, 52, 704, 687, 114, 71.27%, 2, 0, 2, 8.65
1557821547, 0, 58, 704, 686, 113, 71.27%, 2, 0, 2, 1.09
1557821587, 0, 58, 705, 687, 113, 71.27%, 2, 0, 2, 8.62
1557821592, 0, 58, 706, 688, 113, 71.28%, 2, 0, 2, 8.63
1557821607, 0, 58, 707, 689, 113, 71.28%, 2, 0, 2, 8.62
1557821627, 0, 59, 707, 688, 114, 71.28%, 2, 0, 2, 1.01
1557821895, 0, 59, 708, 689, 114, 71.28%, 2, 0, 2, 0.27
1557821931, 0, 59, 709, 690, 114, 71.28%, 2, 0, 2, 0.51
1557821967, 0, 59, 710, 691, 114, 71.28%, 2, 0, 2, 1.00
1557821984, 0, 59, 711, 692, 114, 71.28%, 2, 0, 2, 0.26
1557822023, 0, 59, 712, 693, 114, 71.28%, 2, 0, 2, 0.50
1557822055, 0, 59, 713, 694, 114, 71.28%, 2, 0, 2, 1.00
1557822091, 0, 59, 714, 695, 114, 71.28%, 2, 0, 2, 0.56
1557822123, 0, 59, 716, 697, 114, 71.28%, 2, 0, 2, 1.00
1557822134, 0, 59, 717, 698, 114, 71.28%, 2, 0, 2, 1.00
1557822162, 0, 59, 718, 699, 114, 71.28%, 2, 0, 2, 0.26
1557822218, 0, 59, 719, 700, 114, 71.28%, 2, 0, 2, 0.56
1557822247, 0, 59, 720, 701, 114, 71.28%, 2, 0, 2, 0.26
1557822291, 0, 59, 721, 702, 114, 71.28%, 2, 0, 2, 0.99
1557822301, 0, 59, 722, 703, 114, 71.28%, 2, 0, 2, 8.64
1557822306, 0, 59, 723, 704, 114, 71.28%, 2, 0, 2, 8.61
1557822337, 0, 62, 723, 703, 115, 71.28%, 2, 0, 2, 1.54
1557822404, 0, 62, 725, 705, 115, 71.28%, 2, 0, 2, 0.27
1557822438, 0, 62, 726, 706, 115, 71.28%, 2, 0, 2, 1.53
1557822454, 0, 62, 727, 707, 115, 71.28%, 2, 0, 2, 1.53
1557822480, 0, 62, 728, 708, 115, 71.28%, 2, 0, 2, 8.65
1557822510, 0, 62, 729, 709, 115, 71.28%, 2, 0, 2, 1.54
1557822526, 0, 62, 730, 710, 115, 71.28%, 2, 0, 2, 1.00
1557822536, 0, 62, 731, 711, 115, 71.28%, 2, 0, 2, 8.66
1557822557, 0, 62, 733, 713, 115, 71.28%, 2, 0, 2, 8.66
1557822562, 0, 62, 734, 714, 115, 71.28%, 2, 0, 2, 8.66
1557822577, 0, 62, 735, 715, 115, 71.28%, 2, 0, 2, 8.66
1557822597, 0, 66, 735, 714, 115, 71.28%, 2, 0, 2, 8.66
1557822620, 0, 66, 736, 715, 115, 71.28%, 2, 0, 2, 8.66
1557822637, 0, 66, 737, 716, 115, 71.28%, 2, 0, 2, 8.68
1557822647, 0, 67, 737, 715, 115, 71.28%, 2, 0, 2, 8.23
1557822680, 0, 67, 738, 716, 115, 71.28%, 2, 0, 2, 8.67
1557822696, 0, 67, 739, 717, 115, 71.28%, 2, 0, 2, 8.67
1557822719, 0, 68, 739, 716, 115, 71.28%, 2, 0, 2, 8.23
1557822769, 0, 69, 739, 715, 114, 71.28%, 2, 0, 2, 0.54
1557822779, 0, 69, 740, 716, 114, 71.28%, 2, 0, 2, 8.66
1557822789, 0, 69, 741, 717, 114, 71.28%, 2, 0, 2, 8.66
1557822799, 0, 69, 742, 718, 114, 71.28%, 2, 0, 2, 8.63
1557822823, 0, 71, 742, 717, 113, 71.28%, 2, 0, 2, 0.53
1557823229, 0, 72, 742, 716, 112, 71.28%, 2, 0, 2, 0.22
1557823314, 0, 72, 743, 717, 112, 71.28%, 2, 0, 2, 8.65
1557823319, 0, 72, 744, 718, 112, 71.28%, 2, 0, 2, 8.65
1557823325, 0, 72, 745, 719, 112, 71.28%, 2, 0, 2, 8.64
1557823330, 0, 72, 746, 720, 112, 71.28%, 2, 0, 2, 8.65
1557823335, 0, 72, 747, 721, 112, 71.29%, 2, 0, 2, 8.65
1557823350, 0, 72, 748, 722, 112, 71.29%, 2, 0, 2, 8.66
1557823375, 0, 72, 749, 723, 112, 71.29%, 2, 0, 2, 8.66
1557823380, 0, 72, 750, 724, 112, 71.29%, 2, 0, 2, 8.65
1557823406, 0, 72, 751, 725, 112, 71.29%, 2, 0, 2, 8.64
1557823414, 0, 73, 751, 724, 114, 71.29%, 2, 0, 2, 0.53
1557823514, 0, 76, 751, 723, 113, 71.29%, 2, 0, 2, 0.54
1557823557, 0, 76, 752, 724, 113, 71.29%, 2, 0, 2, 8.64
1557823573, 0, 76, 753, 725, 113, 71.29%, 2, 0, 2, 8.64
1557823578, 0, 76, 754, 726, 113, 71.29%, 2, 0, 2, 8.64
1557823600, 0, 78, 754, 725, 113, 71.29%, 2, 0, 2, 0.28
1557823643, 0, 78, 755, 726, 113, 71.29%, 2, 0, 2, 1.00
1557823663, 0, 78, 756, 727, 113, 71.29%, 2, 0, 2, 8.63
1557823669, 0, 79, 756, 726, 112, 71.29%, 2, 0, 2, 1.00
1557823701, 0, 79, 758, 728, 112, 71.29%, 2, 0, 2, 8.64
1557823739, 0, 80, 758, 727, 111, 71.29%, 2, 0, 2, 1.02
1557823751, 0, 80, 759, 728, 111, 71.29%, 2, 0, 2, 1.00
1557823761, 0, 80, 760, 729, 111, 71.29%, 2, 0, 2, 8.63
1557823771, 0, 80, 761, 730, 111, 71.29%, 2, 0, 2, 8.64
1557823797, 0, 80, 762, 731, 111, 71.29%, 2, 0, 2, 8.61
1557823805, 0, 81, 762, 730, 111, 71.29%, 2, 0, 2, 0.52
1557823982, 0, 81, 763, 731, 111, 71.29%, 2, 0, 2, 8.64
1557824003, 0, 81, 764, 732, 111, 71.29%, 2, 0, 2, 1.02
1557824024, 0, 81, 765, 733, 111, 71.29%, 2, 0, 2, 8.60
1557824030, 0, 84, 765, 732, 111, 71.29%, 2, 0, 2, 0.52
1557824352, 0, 84, 766, 733, 111, 71.29%, 2, 0, 2, 0.54
1557824374, 0, 84, 767, 734, 111, 71.29%, 2, 0, 2, 1.00
1557824392, 0, 84, 768, 735, 111, 71.29%, 2, 0, 2, 0.50
1557824433, 0, 84, 769, 736, 111, 71.29%, 2, 0, 2, 0.52
1557824486, 0, 84, 770, 737, 111, 71.29%, 2, 0, 2, 0.27
1557824523, 0, 84, 771, 738, 111, 71.30%, 2, 0, 2, 0.56
1557824574, 0, 84, 772, 739, 111, 71.30%, 2, 0, 2, 0.26
1557824609, 0, 84, 773, 740, 111, 71.30%, 2, 0, 2, 1.00
1557824620, 0, 84, 774, 741, 111, 71.30%, 2, 0, 2, 8.64
1557824626, 0, 84, 775, 742, 111, 71.30%, 2, 0, 2, 0.51
1557824667, 0, 84, 776, 743, 111, 71.30%, 2, 0, 2, 0.99
1557824686, 0, 84, 777, 744, 111, 71.30%, 2, 0, 2, 8.63
1557824706, 0, 84, 778, 745, 111, 71.30%, 2, 0, 2, 8.63
1557824716, 0, 85, 778, 744, 112, 71.30%, 2, 0, 2, 8.22
1557825224, 0, 85, 780, 746, 112, 71.30%, 2, 0, 2, 8.63
1557825229, 0, 85, 781, 747, 112, 71.30%, 2, 0, 2, 8.63
1557825235, 0, 85, 782, 748, 112, 71.30%, 2, 0, 2, 0.98
1557825257, 0, 85, 783, 749, 112, 71.30%, 2, 0, 2, 1.00
1557825273, 0, 85, 784, 750, 112, 71.30%, 2, 0, 2, 8.63
1557825278, 0, 85, 785, 751, 112, 71.30%, 2, 0, 2, 8.64
1557825283, 0, 85, 786, 752, 112, 71.30%, 2, 0, 2, 8.62
1557825288, 0, 85, 787, 753, 112, 71.30%, 2, 0, 2, 1.00
1557825298, 0, 85, 788, 754, 112, 71.30%, 2, 0, 2, 1.53
1557825314, 0, 85, 789, 755, 112, 71.30%, 2, 0, 2, 1.00
1557825325, 0, 85, 790, 756, 112, 71.30%, 2, 0, 2, 1.00
1557825340, 0, 85, 791, 757, 112, 71.30%, 2, 0, 2, 8.61
1557825356, 0, 85, 792, 758, 112, 71.30%, 2, 0, 2, 0.56
1557825378, 0, 85, 793, 759, 112, 71.30%, 2, 0, 2, 1.01
1557825399, 0, 85, 794, 760, 112, 71.31%, 2, 0, 2, 1.00
1557825425, 0, 85, 795, 761, 112, 71.32%, 2, 0, 2, 1.00
1557825436, 0, 85, 796, 762, 112, 71.32%, 2, 0, 2, 1.04
1557825461, 0, 85, 797, 763, 112, 71.32%, 2, 0, 2, 8.63
1557825476, 0, 86, 797, 762, 116, 71.32%, 2, 0, 2, 8.62
1557825536, 0, 86, 798, 763, 116, 71.32%, 2, 0, 2, 8.62
1557825543, 0, 88, 798, 762, 115, 71.32%, 2, 0, 2, 0.53
1557825741, 0, 88, 800, 764, 115, 71.32%, 2, 0, 2, 8.62
1557825747, 0, 88, 801, 765, 115, 71.32%, 2, 0, 2, 1.00
1557825757, 0, 88, 802, 766, 115, 71.32%, 2, 0, 2, 1.02
1557825773, 0, 88, 803, 767, 115, 71.32%, 2, 0, 2, 1.00
1557825784, 0, 88, 804, 768, 115, 71.32%, 2, 0, 2, 0.56
1557825800, 0, 88, 805, 769, 115, 71.32%, 2, 0, 2, 8.62
1557825805, 0, 88, 806, 770, 115, 71.32%, 2, 0, 2, 1.00
1557825878, 0, 88, 807, 771, 115, 71.32%, 2, 0, 2, 8.61
1557825884, 0, 88, 808, 772, 115, 71.32%, 2, 0, 2, 0.56
1557825914, 0, 88, 809, 773, 115, 71.32%, 2, 0, 2, 1.03
1557825947, 0, 88, 810, 774, 115, 71.32%, 2, 0, 2, 0.55
1557825964, 0, 88, 811, 775, 115, 71.32%, 2, 0, 2, 0.55
1557826007, 0, 88, 812, 776, 115, 71.32%, 2, 0, 2, 0.51
1557826054, 0, 88, 813, 777, 115, 71.32%, 2, 0, 2, 8.63
1557826075, 0, 88, 814, 778, 115, 71.32%, 2, 0, 2, 8.62
1557826090, 0, 89, 814, 777, 120, 71.32%, 2, 0, 2, 7.96
1557826148, 0, 89, 815, 778, 120, 71.32%, 2, 0, 2, 8.61
1557826153, 0, 89, 816, 779, 120, 71.32%, 2, 0, 2, 8.61
1557826158, 0, 89, 817, 780, 120, 71.32%, 2, 0, 2, 8.61
1557826165, 0, 92, 817, 779, 119, 71.32%, 2, 0, 2, 0.53
1557826268, 0, 92, 820, 782, 119, 71.32%, 2, 0, 2, 8.62
1557826284, 0, 92, 821, 783, 119, 71.33%, 2, 0, 2, 8.20
1557826315, 0, 92, 822, 784, 119, 71.33%, 2, 0, 2, 1.00
1557826331, 0, 92, 823, 785, 119, 71.33%, 2, 0, 2, 0.56
1557826347, 0, 92, 824, 786, 119, 71.33%, 2, 0, 2, 8.59
1557826360, 0, 92, 825, 787, 119, 71.33%, 2, 0, 2, 0.27
1557826412, 0, 92, 826, 788, 119, 71.33%, 2, 0, 2, 0.99
1557826422, 0, 92, 827, 789, 119, 71.33%, 2, 0, 2, 8.62
1557826474, 0, 93, 827, 788, 124, 71.33%, 2, 0, 2, 0.53
1557826602, 0, 101, 827, 787, 123, 71.33%, 2, 0, 2, 0.27
1557826798, 0, 101, 828, 788, 123, 71.33%, 2, 0, 2, 8.16
1557826811, 0, 101, 829, 789, 123, 71.33%, 2, 0, 2, 0.52
1557826847, 0, 101, 830, 790, 123, 71.33%, 2, 0, 2, 0.55
1557826872, 0, 101, 831, 791, 123, 71.33%, 2, 0, 2, 1.00
1557826910, 0, 101, 832, 792, 123, 71.33%, 2, 0, 2, 1.00
1557826935, 0, 101, 833, 793, 123, 71.33%, 2, 0, 2, 7.21
1557826970, 0, 101, 834, 794, 123, 71.34%, 2, 0, 2, 1.05
1557826987, 0, 101, 835, 795, 123, 71.34%, 2, 0, 2, 1.00
1557827031, 0, 101, 837, 797, 123, 71.34%, 2, 0, 2, 8.19
1557827043, 0, 101, 838, 798, 123, 71.34%, 2, 0, 2, 0.52
1557827079, 0, 101, 839, 799, 123, 71.34%, 2, 0, 2, 0.27
1557827131, 0, 101, 841, 801, 123, 71.34%, 2, 0, 2, 8.27
1557827143, 0, 101, 842, 802, 123, 71.34%, 2, 0, 2, 1.00
1557827160, 0, 101, 843, 803, 123, 71.34%, 2, 0, 2, 1.62
1557827193, 0, 101, 844, 804, 123, 71.34%, 2, 0, 2, 0.27
1557827233, 0, 101, 845, 805, 123, 71.34%, 2, 0, 2, 8.62
1557827251, 0, 101, 847, 807, 123, 71.34%, 2, 0, 2, 0.53
1557827291, 0, 101, 848, 808, 123, 71.34%, 2, 0, 2, 0.56
1557827323, 0, 101, 849, 809, 123, 71.34%, 2, 0, 2, 1.00
1557827334, 0, 101, 850, 810, 123, 71.34%, 2, 0, 2, 0.56
1557827351, 0, 101, 851, 811, 123, 71.34%, 2, 0, 2, 1.05
1557827368, 0, 101, 852, 812, 123, 71.34%, 2, 0, 2, 1.05
1557827385, 0, 101, 853, 813, 123, 71.34%, 2, 0, 2, 1.05
1557827413, 0, 101, 854, 814, 123, 71.34%, 2, 0, 2, 0.99
1557827435, 0, 101, 855, 815, 123, 71.34%, 2, 0, 2, 0.56
1557827538, 0, 105, 855, 814, 125, 71.34%, 2, 0, 2, 0.56
1557827560, 0, 105, 856, 815, 125, 71.34%, 2, 0, 2, 8.63
1557827565, 0, 105, 858, 817, 125, 71.34%, 2, 0, 2, 8.62
1557827585, 0, 105, 859, 818, 125, 71.34%, 2, 0, 2, 8.61
1557827613, 0, 106, 859, 817, 124, 71.34%, 2, 0, 2, 1.01
1557827656, 0, 109, 859, 816, 123, 71.34%, 2, 0, 2, 0.36
1557827774, 0, 109, 860, 817, 123, 71.34%, 2, 0, 2, 8.63
1557827779, 0, 109, 861, 818, 123, 71.34%, 2, 0, 2, 8.63
1557827805, 0, 116, 861, 817, 123, 71.34%, 2, 0, 2, 1.00
1557827834, 0, 116, 862, 818, 123, 71.34%, 2, 0, 2, 8.63
1557827860, 0, 116, 863, 819, 123, 71.34%, 2, 0, 2, 8.63
1557827876, 0, 117, 863, 818, 124, 71.34%, 2, 0, 2, 1.00
1557827919, 0, 117, 864, 819, 124, 71.34%, 2, 0, 2, 8.15
1557827945, 0, 117, 865, 820, 124, 71.35%, 2, 0, 2, 8.61
1557827961, 0, 117, 866, 821, 124, 71.35%, 2, 0, 2, 0.56
1557827991, 0, 119, 866, 820, 123, 71.35%, 2, 0, 2, 0.27
1557828581, 0, 119, 867, 821, 123, 71.35%, 2, 0, 2, 0.27
1557828621, 0, 119, 868, 822, 123, 71.35%, 2, 0, 2, 1.00
1557828637, 0, 119, 869, 823, 123, 71.35%, 2, 0, 2, 1.00
1557828653, 0, 119, 870, 824, 123, 71.35%, 2, 0, 2, 1.00
1557828669, 0, 119, 871, 825, 123, 71.35%, 2, 0, 2, 0.99
1557828695, 0, 119, 872, 826, 123, 71.35%, 2, 0, 2, 0.52
1557828730, 0, 119, 873, 827, 123, 71.35%, 2, 0, 2, 0.28
1557828767, 0, 119, 874, 828, 123, 71.35%, 2, 0, 2, 0.52
1557828841, 0, 119, 875, 829, 123, 71.35%, 2, 0, 2, 0.52
1557828940, 0, 119, 876, 830, 123, 71.35%, 2, 0, 2, 1.00
1557828975, 0, 119, 877, 831, 123, 71.35%, 2, 0, 2, 0.28
1557829107, 0, 121, 877, 830, 123, 71.35%, 2, 0, 2, 1.00
1557829332, 0, 122, 878, 830, 122, 71.35%, 2, 0, 2, 8.63
1557829397, 0, 122, 879, 831, 122, 71.35%, 2, 0, 2, 8.65
1557829402, 0, 122, 880, 832, 122, 71.35%, 2, 0, 2, 8.63
1557829417, 0, 122, 882, 834, 122, 71.35%, 2, 0, 2, 1.00
1557829459, 0, 123, 882, 833, 121, 71.35%, 2, 0, 2, 0.28
1557829614, 0, 123, 883, 834, 121, 71.35%, 2, 0, 2, 8.62
1557829642, 0, 123, 884, 835, 121, 71.35%, 2, 0, 2, 8.62
1557829654, 0, 124, 884, 834, 122, 71.35%, 2, 0, 2, 0.27
1557829726, 0, 124, 885, 835, 122, 71.35%, 2, 0, 2, 1.00
1557829763, 0, 125, 885, 834, 121, 71.35%, 2, 0, 2, 1.00
1557829796, 0, 125, 886, 835, 121, 71.35%, 2, 0, 2, 8.62
1557829829, 0, 126, 886, 834, 120, 71.35%, 2, 0, 2, 0.44
1557830254, 0, 126, 887, 835, 120, 71.35%, 2, 0, 2, 5.66
1557830290, 0, 126, 888, 836, 120, 71.35%, 2, 0, 2, 8.62
1557830296, 0, 127, 888, 835, 119, 71.35%, 2, 0, 2, 0.56
1557830324, 0, 127, 889, 836, 119, 71.35%, 2, 0, 2, 8.64
1557830335, 0, 127, 890, 837, 119, 71.35%, 2, 0, 2, 1.00
1557830358, 0, 133, 890, 836, 118, 71.35%, 2, 0, 2, 0.52
1557830793, 0, 134, 890, 835, 117, 71.35%, 2, 0, 2, 1.03
1557830886, 0, 135, 890, 834, 116, 71.35%, 2, 0, 2, 0.18
1557830928, 0, 135, 892, 836, 116, 71.35%, 2, 0, 2, 8.64
1557830934, 0, 135, 893, 837, 116, 71.35%, 2, 0, 2, 8.64
1557830944, 0, 135, 894, 838, 116, 71.35%, 2, 0, 2, 8.63
1557830976, 0, 138, 894, 837, 118, 71.35%, 2, 0, 2, 0.27
1557831000, 0, 138, 895, 838, 118, 71.35%, 2, 0, 2, 8.63
1557831005, 0, 138, 896, 839, 118, 71.36%, 2, 0, 2, 8.63
1557831010, 0, 138, 897, 840, 118, 71.36%, 2, 0, 2, 8.63
1557831015, 0, 138, 898, 841, 118, 71.36%, 2, 0, 2, 8.63
1557831020, 0, 138, 899, 842, 118, 71.36%, 2, 0, 2, 8.63
1557831036, 0, 142, 899, 841, 118, 71.36%, 2, 0, 2, 8.19
1557831159, 0, 142, 900, 842, 118, 71.36%, 2, 0, 2, 8.64
1557831169, 0, 142, 901, 843, 118, 71.36%, 2, 0, 2, 8.62
1557831179, 0, 143, 901, 842, 117, 71.36%, 2, 0, 2, 8.63
1557831276, 0, 143, 902, 843, 117, 71.37%, 2, 0, 2, 8.62
1557831281, 0, 143, 903, 844, 117, 71.37%, 3, 0, 2, 8.63
1557831286, 0, 143, 906, 847, 117, 71.37%, 3, 0, 2, 8.61
1557831291, 0, 143, 907, 848, 117, 71.37%, 3, 0, 2, 8.63
1557831296, 0, 143, 908, 849, 117, 71.37%, 3, 0, 2, 8.64
1557831301, 0, 143, 909, 850, 117, 71.37%, 3, 0, 2, 8.63
1557831311, 0, 143, 909, 850, 117, 71.37%, 4, 0, 2, 8.65
1557831317, 0, 143, 910, 851, 117, 71.37%, 4, 0, 2, 8.64
1557831322, 0, 143, 911, 852, 117, 71.37%, 4, 0, 2, 8.64
1557831327, 0, 143, 912, 853, 117, 71.37%, 4, 0, 2, 8.64
1557831332, 0, 143, 914, 855, 117, 71.37%, 4, 0, 2, 8.64
1557831342, 0, 143, 915, 856, 117, 71.37%, 4, 0, 2, 8.64
1557831347, 0, 143, 916, 857, 117, 71.37%, 4, 0, 2, 8.64
1557831352, 0, 143, 917, 858, 117, 71.37%, 4, 0, 2, 8.64
1557831373, 0, 144, 917, 857, 117, 71.37%, 4, 0, 2, 0.56
1557831391, 0, 144, 918, 858, 117, 71.37%, 4, 0, 2, 8.63
1557831430, 0, 146, 918, 857, 117, 71.37%, 4, 0, 2, 0.52
1557831900, 0, 146, 919, 858, 117, 71.37%, 4, 0, 2, 8.63
1557831911, 0, 146, 920, 859, 117, 71.37%, 4, 0, 2, 1.00
1557831921, 0, 146, 921, 860, 117, 71.37%, 4, 0, 2, 1.02
1557831970, 0, 147, 921, 859, 116, 71.37%, 4, 0, 2, 8.59
1557832061, 0, 150, 921, 858, 115, 71.37%, 4, 0, 2, 0.56
1557832209, 0, 150, 923, 860, 115, 71.37%, 4, 0, 2, 8.63
1557832219, 0, 154, 923, 859, 114, 71.37%, 4, 0, 2, 1.00
1557832264, 0, 154, 924, 860, 114, 71.37%, 4, 0, 2, 0.99
1557832308, 0, 155, 924, 859, 113, 71.37%, 4, 0, 2, 1.05
1557832369, 0, 157, 924, 858, 112, 71.37%, 4, 0, 2, 8.63
1557832439, 0, 161, 924, 857, 111, 71.37%, 4, 0, 2, 1.00
1557832500, 0, 161, 925, 858, 111, 71.37%, 4, 0, 2, 8.65
1557832505, 0, 161, 926, 859, 111, 71.37%, 4, 0, 2, 8.62
1557832531, 0, 162, 926, 858, 111, 71.37%, 4, 0, 2, 0.99
1557832555, 0, 162, 927, 859, 111, 71.37%, 4, 0, 2, 1.00
1557832597, 0, 163, 927, 858, 110, 71.37%, 4, 0, 2, 0.26
1557832658, 0, 164, 927, 857, 109, 71.37%, 4, 0, 2, 0.53
1557832690, 0, 164, 928, 858, 109, 71.37%, 4, 0, 2, 8.63
1557832716, 0, 164, 929, 859, 109, 71.37%, 4, 0, 2, 8.63
1557832723, 0, 169, 929, 858, 109, 71.37%, 4, 0, 2, 0.43
1557832728, 0, 169, 930, 859, 109, 71.37%, 4, 0, 2, 8.62
1557832759, 0, 170, 930, 858, 108, 71.37%, 4, 0, 2, 1.00
1557832780, 0, 170, 931, 859, 108, 71.37%, 4, 0, 2, 8.64
1557832801, 0, 171, 931, 858, 107, 71.37%, 4, 0, 2, 8.63
1557832842, 0, 171, 932, 859, 107, 71.37%, 4, 0, 2, 8.62
1557832850, 0, 179, 932, 858, 106, 71.37%, 4, 0, 2, 0.28
1557832862, 0, 203, 932, 857, 105, 71.37%, 4, 0, 2, 0.53
1557832872, 0, 203, 933, 858, 105, 71.37%, 4, 0, 3, 8.64
1557832882, 0, 203, 934, 859, 105, 71.37%, 4, 0, 3, 8.64
1557832897, 0, 205, 934, 858, 104, 71.37%, 4, 0, 3, 8.64
1557832931, 0, 205, 935, 859, 104, 71.37%, 4, 0, 3, 8.62
1557832946, 0, 208, 935, 858, 104, 71.37%, 4, 0, 3, 8.64
1557832956, 0, 215, 935, 857, 103, 71.37%, 4, 0, 3, 8.60
1557832962, 0, 235, 935, 856, 102, 71.37%, 4, 0, 3, 1.00
1557832983, 0, 235, 937, 858, 102, 71.37%, 4, 0, 3, 8.62
1557832993, 0, 235, 937, 858, 102, 71.37%, 5, 0, 3, 8.62
1557833008, 0, 295, 937, 857, 101, 71.37%, 5, 0, 3, 8.63
1557833028, 0, 295, 938, 858, 101, 71.38%, 5, 0, 3, 8.63
1557833054, 0, 310, 938, 857, 101, 71.38%, 5, 0, 3, 8.63
1557833085, 0, 310, 939, 858, 101, 71.38%, 5, 0, 3, 8.63
1557833121, 0, 314, 939, 857, 102, 71.38%, 5, 0, 3, 0.28
1557833138, 0, 318, 939, 856, 101, 71.38%, 5, 0, 3, 8.62
1557833159, 0, 318, 941, 858, 101, 71.38%, 5, 0, 3, 8.64
1557833164, 0, 318, 943, 860, 101, 71.38%, 5, 0, 3, 8.62
1557833170, 0, 318, 945, 862, 101, 71.38%, 5, 0, 3, 8.64
1557833175, 0, 318, 946, 863, 101, 71.38%, 5, 0, 3, 8.63
1557833180, 0, 318, 947, 864, 101, 71.38%, 5, 0, 3, 8.63
1557833195, 0, 318, 949, 866, 101, 71.38%, 5, 0, 3, 8.63
1557833200, 0, 318, 950, 867, 101, 71.38%, 5, 0, 3, 8.63
1557833205, 0, 318, 951, 868, 101, 71.38%, 5, 0, 3, 8.64
1557833218, 0, 333, 951, 867, 102, 71.38%, 5, 0, 3, 0.53
1557833229, 0, 344, 951, 866, 101, 71.38%, 5, 0, 3, 8.64
1557833280, 0, 370, 951, 865, 101, 71.38%, 5, 0, 3, 8.63
1557833300, 0, 370, 953, 867, 101, 71.38%, 5, 0, 3, 8.63
1557833305, 0, 370, 954, 868, 101, 71.38%, 5, 0, 3, 8.63
1557833310, 0, 370, 955, 869, 101, 71.38%, 5, 0, 3, 8.63
1557833315, 0, 370, 957, 871, 101, 71.38%, 5, 0, 3, 8.63
1557833321, 0, 370, 959, 873, 101, 71.38%, 5, 0, 3, 8.63
1557833331, 0, 370, 961, 875, 101, 71.38%, 5, 0, 3, 8.63
1557833336, 0, 370, 962, 876, 101, 71.38%, 5, 0, 3, 8.64
1557833341, 0, 370, 965, 879, 101, 71.38%, 5, 0, 3, 8.63
1557833346, 0, 370, 965, 879, 101, 71.38%, 6, 0, 3, 8.63
1557833356, 0, 370, 968, 882, 101, 71.38%, 6, 0, 3, 8.63
1557833361, 0, 370, 969, 883, 101, 71.38%, 6, 0, 3, 8.64
1557833372, 0, 370, 970, 884, 101, 71.38%, 6, 0, 3, 8.62
1557833377, 0, 370, 971, 885, 101, 71.39%, 6, 0, 3, 8.63
1557833387, 0, 389, 971, 884, 101, 71.39%, 6, 0, 3, 8.62
1557833433, 0, 410, 971, 883, 100, 71.39%, 6, 0, 3, 8.63
1557833464, 0, 410, 972, 884, 100, 71.39%, 6, 0, 3, 8.62
1557833479, 0, 427, 972, 883, 101, 71.39%, 6, 0, 3, 8.63
1557833490, 0, 435, 972, 882, 100, 71.39%, 6, 0, 3, 8.64
1557833536, 0, 445, 972, 881, 99, 71.39%, 6, 0, 3, 8.63
1557833589, 0, 445, 974, 883, 99, 71.39%, 6, 0, 3, 8.63
1557833599, 0, 474, 974, 882, 98, 71.39%, 6, 0, 3, 8.62
1557833643, 0, 484, 974, 881, 97, 71.39%, 6, 0, 3, 0.53
1557833666, 0, 484, 975, 882, 97, 71.39%, 6, 0, 3, 8.64
1557833671, 0, 484, 976, 883, 97, 71.39%, 6, 0, 3, 8.63
1557833692, 0, 487, 976, 882, 96, 71.39%, 6, 0, 3, 8.62
1557833732, 0, 488, 976, 881, 95, 71.39%, 6, 0, 3, 8.64
1557833737, 0, 488, 977, 882, 95, 71.39%, 6, 0, 3, 8.64
1557833748, 0, 488, 978, 883, 95, 71.39%, 6, 0, 3, 8.62
1557833758, 0, 488, 979, 884, 95, 71.39%, 6, 0, 3, 8.63
1557833773, 0, 488, 980, 885, 95, 71.39%, 6, 0, 3, 8.64
1557833778, 0, 488, 981, 886, 95, 71.39%, 6, 0, 3, 8.63
1557833802, 0, 488, 982, 887, 95, 71.39%, 6, 0, 3, 8.64
1557833807, 0, 488, 983, 888, 95, 71.39%, 6, 0, 3, 8.63
1557833817, 0, 488, 984, 889, 95, 71.39%, 6, 0, 3, 8.63
1557833832, 0, 491, 984, 888, 92, 71.39%, 6, 0, 3, 8.63
1557833859, 0, 491, 985, 889, 92, 71.39%, 6, 0, 3, 8.63
1557833879, 0, 497, 985, 888, 91, 71.39%, 6, 0, 3, 8.63
1557833893, 0, 497, 986, 889, 91, 71.39%, 6, 0, 3, 0.53
1557833925, 0, 497, 987, 890, 91, 71.39%, 6, 0, 3, 8.63
1557833930, 0, 497, 988, 891, 91, 71.39%, 6, 0, 3, 8.63
1557833952, 0, 501, 988, 890, 90, 71.39%, 6, 0, 3, 0.56
1557833988, 0, 506, 988, 889, 89, 71.39%, 6, 0, 3, 8.63
1557834026, 0, 506, 989, 890, 89, 71.39%, 6, 0, 3, 8.63
1557834031, 0, 506, 991, 892, 89, 71.39%, 6, 0, 3, 8.63
1557834051, 0, 516, 991, 891, 89, 71.39%, 6, 0, 3, 8.63
1557834087, 0, 516, 992, 892, 89, 71.39%, 6, 0, 3, 8.59
1557834092, 0, 516, 994, 894, 89, 71.39%, 6, 0, 3, 8.62
1557834108, 0, 516, 995, 895, 89, 71.39%, 6, 0, 3, 8.63
1557834126, 0, 522, 995, 894, 88, 71.39%, 6, 0, 3, 7.64
1557834200, 0, 522, 996, 895, 88, 71.39%, 6, 0, 3, 4.10
1557834205, 0, 522, 997, 896, 88, 71.39%, 6, 0, 3, 5.94
1557834226, 0, 522, 998, 897, 88, 71.39%, 6, 0, 3, 5.49
1557834256, 0, 547, 998, 896, 88, 71.39%, 6, 0, 3, 8.62
1557834297, 0, 547, 999, 897, 88, 71.39%, 6, 0, 3, 1.00
1557834313, 0, 548, 999, 896, 87, 71.39%, 6, 0, 3, 8.25
1557834371, 0, 548, 1000, 897, 87, 71.39%, 6, 0, 3, 8.60
1557834376, 0, 548, 1001, 898, 87, 71.40%, 6, 0, 3, 8.62
1557834381, 0, 563, 1001, 897, 87, 71.40%, 6, 0, 3, 8.63
1557834423, 0, 571, 1001, 896, 86, 71.40%, 6, 0, 3, 0.99
1557834479, 0, 579, 1001, 895, 85, 71.40%, 6, 0, 3, 8.65
1557834502, 0, 579, 1002, 896, 85, 71.40%, 6, 0, 3, 8.64
1557834522, 0, 604, 1002, 895, 85, 71.40%, 6, 0, 3, 8.64
1557834577, 0, 609, 1002, 894, 84, 71.40%, 6, 0, 3, 0.56
1557834629, 0, 615, 1002, 893, 83, 71.40%, 6, 0, 3, 8.64
1557834706, 0, 626, 1002, 892, 82, 71.40%, 6, 0, 3, 8.69
1557834774, 0, 626, 1003, 893, 82, 71.40%, 6, 0, 3, 1.00
1557834785, 0, 632, 1003, 892, 82, 71.40%, 6, 0, 3, 1.00
1557834872, 0, 635, 1003, 891, 81, 71.40%, 6, 0, 3, 8.64
1557834902, 0, 635, 1004, 892, 81, 71.40%, 6, 0, 3, 8.63
1557834929, 0, 640, 1004, 891, 81, 71.40%, 6, 0, 3, 8.64
1557834960, 0, 640, 1005, 892, 81, 71.40%, 6, 0, 3, 8.65
1557834996, 0, 642, 1005, 891, 80, 71.40%, 6, 0, 3, 8.66
1557835031, 0, 642, 1006, 892, 80, 71.40%, 6, 0, 3, 8.65
1557835041, 0, 642, 1007, 893, 80, 71.40%, 6, 0, 3, 8.65
1557835057, 0, 648, 1007, 892, 79, 71.40%, 6, 0, 3, 8.65
1557835097, 0, 648, 1008, 893, 79, 71.40%, 6, 0, 3, 8.66
1557835105, 0, 652, 1008, 892, 78, 71.40%, 6, 0, 3, 0.53
1557835118, 0, 652, 1009, 893, 78, 71.40%, 6, 0, 3, 8.66
1557835143, 0, 652, 1010, 894, 78, 71.40%, 6, 0, 3, 8.65
1557835148, 0, 652, 1011, 895, 78, 71.40%, 6, 0, 3, 8.64
1557835153, 0, 653, 1011, 894, 79, 71.40%, 6, 0, 3, 8.65
1557835194, 0, 653, 1012, 895, 79, 71.40%, 6, 0, 3, 8.66
1557835199, 0, 660, 1012, 894, 78, 71.40%, 6, 0, 3, 8.65
1557835239, 0, 663, 1012, 893, 77, 71.40%, 6, 0, 3, 8.65
1557835249, 0, 663, 1013, 894, 77, 71.40%, 6, 0, 3, 8.65
1557835264, 0, 663, 1014, 895, 77, 71.40%, 6, 0, 3, 8.64
1557835280, 0, 663, 1015, 896, 77, 71.40%, 6, 0, 3, 8.64
1557835295, 0, 665, 1016, 896, 76, 71.40%, 6, 0, 3, 6.71
1557835308, 0, 665, 1017, 897, 76, 71.40%, 6, 0, 3, 0.28
1557835377, 0, 665, 1018, 898, 76, 71.40%, 6, 0, 3, 8.66
1557835393, 0, 682, 1018, 897, 76, 71.40%, 6, 0, 3, 0.52
1557835929, 0, 682, 1019, 898, 76, 71.40%, 6, 0, 3, 0.52
1557835965, 0, 682, 1020, 899, 76, 71.40%, 6, 0, 3, 1.02
1557835995, 0, 682, 1021, 900, 76, 71.40%, 6, 0, 3, 0.27
1557836047, 0, 682, 1022, 901, 76, 71.40%, 6, 0, 3, 0.27
1557836085, 0, 682, 1023, 902, 76, 71.40%, 6, 0, 3, 0.27
1557836138, 0, 682, 1024, 903, 76, 71.40%, 6, 0, 3, 1.00
1557836149, 0, 682, 1025, 904, 76, 71.40%, 6, 0, 3, 1.00
1557836220, 0, 682, 1026, 905, 76, 71.40%, 6, 0, 3, 0.32
1557836255, 0, 682, 1027, 906, 76, 71.40%, 6, 0, 3, 0.50
1557836295, 0, 682, 1028, 907, 76, 71.40%, 6, 0, 3, 0.27
1557836307, 0, 682, 1029, 908, 76, 71.41%, 6, 0, 3, 0.55
1557836362, 0, 682, 1030, 909, 76, 71.41%, 6, 0, 3, 0.52
1557836391, 0, 682, 1031, 910, 76, 71.41%, 6, 0, 3, 0.27
1557836427, 0, 682, 1032, 911, 76, 71.41%, 6, 0, 3, 0.56
1557836465, 0, 682, 1033, 912, 76, 71.41%, 6, 0, 3, 0.52
1557836511, 0, 682, 1034, 913, 76, 71.41%, 6, 0, 3, 0.56
1557836573, 0, 706, 1034, 912, 77, 71.41%, 6, 0, 3, 8.61
1557836614, 0, 715, 1034, 911, 76, 71.41%, 6, 0, 3, 1.00
1557836739, 0, 728, 1034, 910, 75, 71.41%, 6, 0, 3, 1.46
1557836819, 0, 728, 1035, 911, 75, 71.41%, 6, 0, 3, 8.60
1557836834, 0, 729, 1035, 910, 74, 71.41%, 6, 0, 3, 0.99
1557836935, 0, 732, 1035, 909, 73, 71.41%, 6, 0, 3, 8.62
1557836986, 0, 735, 1035, 908, 72, 71.41%, 6, 0, 3, 8.60
1557837017, 0, 735, 1036, 909, 72, 71.41%, 6, 0, 3, 8.62
1557837032, 0, 737, 1036, 908, 72, 71.41%, 6, 0, 3, 8.63
1557837073, 0, 739, 1036, 907, 71, 71.41%, 6, 0, 3, 8.62
1557837109, 0, 742, 1036, 906, 70, 71.41%, 6, 0, 3, 8.62
1557837150, 0, 743, 1036, 905, 69, 71.41%, 6, 0, 3, 8.63
1557837196, 0, 743, 1037, 906, 69, 71.41%, 6, 0, 3, 8.61
1557837206, 0, 745, 1037, 905, 69, 71.41%, 6, 0, 3, 8.62
1557837244, 0, 746, 1037, 904, 68, 71.41%, 6, 0, 3, 8.60
1557837270, 0, 746, 1038, 905, 68, 71.41%, 6, 0, 3, 8.63
1557837275, 0, 746, 1040, 907, 68, 71.41%, 6, 0, 3, 8.62
1557837301, 0, 748, 1040, 906, 68, 71.41%, 6, 0, 3, 8.61
1557837316, 0, 748, 1041, 907, 68, 71.41%, 6, 0, 3, 8.63
1557837331, 0, 748, 1041, 907, 68, 71.41%, 7, 0, 3, 8.64
1557837341, 0, 748, 1042, 908, 68, 71.41%, 7, 0, 3, 8.63
1557837347, 0, 748, 1043, 909, 68, 71.41%, 7, 0, 3, 8.62
1557837352, 0, 751, 1043, 908, 68, 71.41%, 7, 0, 3, 8.63
1557837367, 0, 751, 1044, 909, 68, 71.41%, 7, 0, 3, 1.00
1557837388, 0, 751, 1045, 910, 68, 71.41%, 7, 0, 3, 8.63
1557837398, 0, 751, 1046, 911, 68, 71.41%, 7, 0, 3, 8.64
1557837408, 0, 760, 1046, 910, 68, 71.41%, 7, 0, 3, 8.61
1557837429, 0, 760, 1047, 911, 68, 71.41%, 7, 0, 3, 8.61
1557837449, 0, 761, 1047, 910, 67, 71.41%, 7, 0, 3, 8.63
1557837500, 0, 761, 1049, 912, 67, 71.41%, 7, 0, 3, 8.58
1557837524, 0, 763, 1049, 911, 66, 71.41%, 7, 0, 3, 0.56
1557837780, 0, 766, 1049, 910, 65, 71.41%, 7, 0, 3, 1.00
1557837911, 0, 766, 1050, 911, 65, 71.41%, 7, 0, 3, 8.62
1557837924, 0, 768, 1050, 910, 64, 71.41%, 7, 0, 3, 0.26
1557838259, 0, 770, 1050, 909, 64, 71.41%, 7, 0, 3, 0.56
1557838462, 0, 786, 1050, 908, 63, 71.41%, 7, 0, 3, 8.63
1557838730, 0, 787, 1050, 907, 62, 71.41%, 7, 0, 3, 8.28
1557838897, 0, 787, 1051, 908, 62, 71.41%, 7, 0, 3, 3.91
1557838941, 0, 792, 1051, 907, 61, 71.41%, 7, 0, 3, 1.04
1557839264, 0, 792, 1052, 908, 61, 71.41%, 7, 0, 3, 0.99
1557839305, 0, 793, 1052, 907, 60, 71.41%, 7, 0, 3, 8.29
1557839544, 0, 793, 1053, 908, 60, 71.41%, 7, 0, 3, 0.99
1557839571, 0, 793, 1054, 909, 60, 71.41%, 7, 0, 3, 6.60
1557839591, 0, 797, 1054, 908, 60, 71.41%, 7, 0, 3, 8.63
1557839641, 0, 797, 1055, 909, 60, 71.41%, 7, 0, 3, 8.62
1557839646, 0, 800, 1055, 908, 60, 71.41%, 7, 0, 3, 7.79
1557839709, 0, 800, 1056, 909, 60, 71.41%, 7, 0, 3, 7.64
1557839720, 0, 800, 1057, 910, 60, 71.41%, 7, 0, 3, 1.00
1557839761, 0, 801, 1057, 909, 60, 71.41%, 7, 0, 3, 1.05
1557839877, 0, 801, 1058, 910, 60, 71.41%, 7, 0, 3, 8.65
1557839907, 0, 805, 1058, 909, 59, 71.41%, 7, 0, 3, 1.05
1557839971, 0, 805, 1059, 910, 59, 71.41%, 7, 0, 3, 1.00
1557840018, 0, 808, 1059, 909, 59, 71.41%, 7, 0, 3, 1.02
1557840178, 0, 808, 1060, 910, 59, 71.42%, 7, 0, 3, 8.64
1557840184, 0, 810, 1060, 909, 59, 71.42%, 7, 0, 3, 0.28
1557840420, 0, 810, 1061, 910, 59, 71.42%, 7, 0, 3, 0.99
1557840431, 0, 812, 1061, 909, 58, 71.42%, 7, 0, 3, 8.62
1557840476, 0, 817, 1061, 908, 57, 71.42%, 7, 0, 3, 8.63
1557840518, 0, 820, 1061, 907, 56, 71.42%, 7, 0, 3, 1.00
1557840597, 0, 821, 1061, 906, 55, 71.42%, 7, 0, 3, 8.62
1557840686, 0, 821, 1062, 907, 55, 71.42%, 7, 0, 3, 8.58
1557840691, 0, 824, 1062, 906, 55, 71.42%, 7, 0, 3, 8.62
1557840814, 0, 824, 1063, 907, 55, 71.42%, 7, 0, 3, 8.64
1557840820, 0, 826, 1063, 906, 55, 71.42%, 7, 0, 3, 8.63
1557840855, 0, 826, 1064, 907, 55, 71.42%, 7, 0, 3, 8.64
1557840871, 0, 833, 1064, 906, 54, 71.42%, 7, 0, 3, 1.04
1557840976, 0, 833, 1065, 907, 54, 71.42%, 7, 0, 3, 1.00
1557841026, 0, 835, 1065, 906, 53, 71.42%, 7, 0, 3, 8.61
1557841066, 0, 839, 1065, 905, 52, 71.42%, 7, 0, 3, 8.61
1557841077, 0, 839, 1066, 906, 52, 71.42%, 7, 0, 3, 8.62
1557841126, 0, 843, 1066, 905, 51, 71.42%, 7, 0, 3, 0.27
1557841281, 0, 843, 1067, 906, 51, 71.42%, 7, 0, 3, 0.28
1557841318, 0, 843, 1068, 907, 51, 71.42%, 7, 0, 3, 0.28
1557841357, 0, 843, 1069, 908, 51, 71.42%, 7, 0, 3, 0.53
1557841468, 0, 845, 1069, 907, 51, 71.42%, 7, 0, 3, 8.64
1557841484, 0, 845, 1072, 910, 51, 71.42%, 7, 0, 3, 8.63
1557841489, 0, 845, 1075, 913, 51, 71.42%, 7, 0, 3, 8.63
1557841494, 0, 845, 1076, 914, 51, 71.42%, 7, 0, 3, 8.63
1557841499, 0, 845, 1077, 915, 51, 71.42%, 7, 0, 3, 8.63
1557841504, 0, 845, 1080, 918, 51, 71.42%, 7, 0, 3, 8.62
1557841509, 0, 845, 1082, 920, 51, 71.43%, 7, 0, 3, 8.63
1557841514, 0, 845, 1084, 922, 51, 71.43%, 7, 0, 3, 8.63
1557841519, 0, 845, 1086, 924, 51, 71.43%, 7, 0, 3, 8.63
1557841532, 0, 845, 1087, 925, 51, 71.43%, 7, 0, 3, 0.28
1557841537, 0, 845, 1088, 926, 51, 71.43%, 7, 0, 3, 8.63
1557841548, 0, 845, 1090, 928, 51, 71.43%, 7, 0, 3, 8.64
1557841563, 0, 845, 1091, 929, 51, 71.43%, 7, 0, 3, 8.38
1557841573, 0, 845, 1092, 930, 51, 71.43%, 7, 0, 3, 8.57
1557841593, 0, 849, 1092, 929, 52, 71.43%, 7, 0, 3, 1.02
1557841628, 0, 849, 1093, 930, 52, 71.43%, 7, 0, 3, 8.65
1557841643, 0, 849, 1094, 931, 52, 71.43%, 7, 0, 3, 7.63
1557841648, 0, 849, 1095, 932, 52, 71.43%, 7, 0, 3, 6.64
1557841659, 0, 849, 1096, 933, 52, 71.43%, 7, 0, 3, 1.00
1557841686, 0, 849, 1097, 934, 52, 71.43%, 7, 0, 3, 0.52
1557841726, 0, 850, 1097, 933, 52, 71.43%, 7, 0, 3, 1.02
1557841806, 0, 860, 1097, 932, 52, 71.43%, 7, 0, 3, 8.62
1557841843, 0, 860, 1098, 933, 52, 71.43%, 7, 0, 3, 8.64
1557841858, 0, 860, 1099, 934, 52, 71.43%, 7, 0, 3, 8.65
1557841873, 0, 864, 1099, 933, 52, 71.43%, 7, 0, 3, 8.63
1557841915, 0, 866, 1099, 932, 51, 71.43%, 7, 0, 3, 0.53
1557842525, 0, 875, 1099, 931, 50, 71.43%, 7, 0, 3, 1.00
1557842628, 0, 882, 1099, 930, 49, 71.43%, 7, 0, 3, 8.62
1557842633, 0, 882, 1100, 931, 49, 71.43%, 7, 0, 3, 8.63
1557842661, 0, 882, 1101, 932, 49, 71.43%, 7, 0, 3, 8.21
1557842691, 0, 883, 1101, 931, 48, 71.43%, 7, 0, 3, 8.63
1557842706, 0, 883, 1102, 932, 48, 71.43%, 7, 0, 3, 8.63
1557842722, 0, 883, 1103, 933, 48, 71.43%, 7, 0, 3, 8.62
1557842740, 0, 891, 1103, 932, 47, 71.43%, 7, 0, 3, 8.63
1557842765, 0, 891, 1104, 933, 47, 71.43%, 7, 0, 3, 8.62
1557842786, 0, 892, 1104, 932, 46, 71.43%, 7, 0, 3, 8.64
1557842816, 0, 892, 1105, 933, 46, 71.43%, 7, 0, 3, 8.63
1557842826, 0, 894, 1105, 932, 45, 71.43%, 7, 0, 3, 8.63
1557842872, 0, 895, 1105, 931, 44, 71.43%, 7, 0, 3, 8.62
1557842919, 0, 895, 1106, 932, 44, 71.43%, 7, 0, 3, 1.00
1557842955, 0, 917, 1106, 931, 43, 71.43%, 7, 0, 3, 8.47
1557842997, 0, 921, 1106, 930, 42, 71.43%, 7, 0, 3, 8.43
1557843090, 0, 924, 1106, 929, 42, 71.43%, 7, 0, 3, 8.49
1557843110, 0, 924, 1107, 930, 42, 71.43%, 7, 0, 3, 8.41
1557843120, 0, 924, 1108, 931, 42, 71.43%, 7, 0, 3, 8.41
1557843136, 0, 925, 1108, 930, 41, 71.43%, 7, 0, 3, 8.47
1557843151, 0, 925, 1109, 931, 41, 71.43%, 7, 0, 3, 8.54
1557843190, 0, 928, 1109, 930, 40, 71.43%, 7, 0, 3, 8.54
1557843205, 0, 928, 1111, 932, 40, 71.44%, 7, 0, 3, 8.51
1557843211, 0, 928, 1113, 934, 40, 71.44%, 7, 0, 3, 8.11
1557843216, 0, 928, 1114, 935, 40, 71.44%, 7, 0, 3, 8.33
1557843232, 0, 928, 1115, 936, 40, 71.44%, 7, 0, 3, 8.44
1557843237, 0, 928, 1116, 937, 40, 71.44%, 7, 0, 3, 8.40
1557843242, 0, 928, 1117, 938, 40, 71.44%, 7, 0, 3, 8.32
1557843257, 0, 937, 1117, 937, 40, 71.44%, 7, 0, 3, 7.82
1557843303, 0, 938, 1117, 936, 39, 71.44%, 7, 0, 3, 7.86
1557843362, 0, 945, 1117, 935, 38, 71.44%, 7, 0, 3, 7.69
1557843383, 0, 945, 1118, 936, 38, 71.44%, 7, 0, 4, 7.97
1557843388, 0, 945, 1119, 937, 38, 71.44%, 7, 0, 4, 8.04
1557843414, 0, 945, 1120, 938, 38, 71.44%, 7, 0, 4, 8.05
1557843450, 0, 945, 1121, 939, 38, 71.44%, 7, 0, 4, 8.41
1557843476, 0, 952, 1121, 938, 37, 71.44%, 7, 0, 4, 8.36
1557843532, 0, 952, 1122, 939, 37, 71.44%, 7, 0, 4, 8.35
1557843578, 0, 968, 1122, 938, 37, 71.44%, 7, 0, 4, 7.99
1557843594, 0, 968, 1123, 939, 37, 71.44%, 7, 0, 4, 8.17
1557843616, 0, 968, 1124, 940, 37, 71.44%, 7, 0, 4, 8.41
1557843626, 0, 968, 1126, 942, 37, 71.44%, 7, 0, 4, 8.41
1557843631, 0, 968, 1127, 943, 37, 71.44%, 7, 0, 4, 8.26
1557843636, 0, 968, 1128, 944, 37, 71.44%, 8, 0, 4, 8.30
1557843662, 0, 970, 1128, 943, 36, 71.44%, 9, 0, 4, 8.51
1557843703, 0, 970, 1129, 944, 36, 71.44%, 9, 0, 4, 8.37
1557843713, 0, 971, 1129, 943, 35, 71.44%, 9, 0, 4, 8.44
1557843756, 0, 976, 1129, 942, 34, 71.44%, 9, 0, 4, 8.37
1557843779, 0, 976, 1131, 944, 34, 71.44%, 9, 0, 4, 0.27
1557843795, 0, 976, 1132, 945, 34, 71.44%, 9, 0, 4, 8.45
